哈乐	20141028	1	22.9	0.0	5.4	2236	17066.4	7.63255813953
一餐	20150130	4	5.5	0.1	4.7	1184	5954.14	5.02883445946
一餐	20140908	0	NA	NA	NA	7189	34508.14	4.80013075532
六餐	20150104	6	19.2	0.0	2.1	936	7073.12	7.55675213675
四餐	20141112	2	17.8	0.0	5.5	6134	45861.55	7.476613955
一餐	20140924	2	NA	NA	NA	10076	50093.78	4.97159388646
二餐	20140928	6	NA	NA	NA	21449	140992.97	6.57340528696
三餐	20141128	4	17.8	16.1	6.8	7336	54552.05	7.43621183206
二餐	20141226	4	11.3	0.0	5.5	16117	105951.28	6.57388347707
三餐	20141212	4	9.2	0.0	5.8	6352	47280.31	7.44337374055
四餐	20141002	3	29.0	0.0	2.4	3914	27495.65	7.02494890138
三餐	20150115	3	8.8	1.3	3.6	5536	39546.42	7.14350072254
哈乐	20141122	5	23.4	0.0	2.2	821	5870.9	7.1509135201
二餐	20141006	0	25.1	0.0	6.1	10066	63311.03	6.28959169481
六餐	20140904	3	29.2	0.0	4.2	711	5189.06	7.2982559775
二餐	20141013	0	21.2	0.0	7.5	21438	144198.39	6.7262986286
五餐	20140930	1	23.6	1.9	7.9	1145	10332.7	9.02419213974
三餐	20141002	3	29.0	0.0	2.4	2942	19564.32	6.6500067981
一餐	20141010	4	26.6	0.0	5.9	10054	49926.58	4.96584245077
四餐	20150106	1	13.3	1.5	6.5	5343	39345.91	7.36401085532
六餐	20141025	5	25.5	3.6	4.1	443	3203.84	7.23214446953
五餐	20141115	5	19.1	1.2	4.5	760	7668.86	10.0906052632
三餐	20150110	5	15.1	0.0	3.1	5463	42187.33	7.7223741534
哈乐	20150119	0	12.6	0.0	3.0	411	2855.9	6.94866180049
一餐	20150109	4	11.9	26.6	3.2	5413	27447.21	5.07060964345
四餐	20141207	6	14.2	0.0	5.1	4729	38557.44	8.15340241066
哈乐	20150102	4	9.3	0.0	3.2	1066	7001.7	6.5681988743
一餐	20141122	5	23.4	0.0	2.2	4247	21660.18	5.10011302096
一餐	20141030	3	22.0	18.8	2.1	9914	53202.79	5.36643030059
四餐	20141020	0	30.3	0.0	3.5	6914	50586.01	7.31646080417
四餐	20141211	3	8.4	2.9	5.6	5537	41417.55	7.48014267654
六餐	20141004	5	25.7	0.0	5.0	3	68.0	22.6666666667
四餐	20140910	2	NA	NA	NA	4825	33340.64	6.90997720207
一餐	20141230	1	17.0	0.0	2.9	9585	49812.94	5.19696817945
三餐	20141130	6	18.2	52.8	6.3	5754	46863.58	8.1445220716
六餐	20141121	4	22.7	0.0	3.6	598	4540.8	7.59331103679
四餐	20141229	0	13.8	0.0	4.1	5819	45032.96	7.73895170992
五餐	20141122	5	23.4	0.0	2.2	638	6500.62	10.1890595611
哈乐	20141008	2	26.0	0.0	4.7	1854	13668.4	7.37238403452
五餐	20150108	3	9.6	0.0	5.0	1668	16279.12	9.75966426859
哈乐	20150105	0	20.2	0.0	4.3	1596	10991.6	6.88696741855
二餐	20141223	1	12.7	0.0	5.4	17494	116588.9	6.66450783126
六餐	20140907	6	NA	NA	NA	215	1599.46	7.43934883721
五餐	20141125	1	14.4	28.1	3.6	1804	16418.48	9.10115299335
六餐	20141019	6	27.0	0.0	7.2	434	2830.74	6.52244239631
二餐	20140918	3	NA	NA	NA	19922	138351.57	6.94466268447
一餐	20141106	3	21.9	0.0	5.6	10103	53039.99	5.24992477482
三餐	20141017	4	25.4	0.0	3.8	7667	54723.74	7.13756880136
二餐	20141217	2	7.0	0.0	6.5	18859	124684.52	6.6114067554
二餐	20150122	3	8.5	0.0	5.6	5563	34163.84	6.14126190904
四餐	20141019	6	27.0	0.0	7.2	6118	46365.17	7.57848479895
六餐	20150120	1	11.8	0.9	4.7	1188	9535.94	8.02688552189
五餐	20141113	3	16.4	0.0	3.9	1862	18044.68	9.69102040816
二餐	20140915	0	NA	NA	NA	24433	160847.13	6.58319199443
二餐	20141028	1	22.9	0.0	5.4	20378	135240.95	6.63661546766
五餐	20141124	0	22.3	14.7	5.7	1885	17727.35	9.40442970822
二餐	20141015	2	23.3	0.9	3.7	21373	144311.15	6.75203059935
一餐	20150122	3	8.5	0.0	5.6	2304	10911.34	4.73582465278
哈乐	20141219	4	11.8	0.0	3.8	1629	12206.4	7.49318600368
哈乐	20140915	0	NA	NA	NA	1578	10677.9	6.76673003802
六餐	20141211	3	8.4	2.9	5.6	1095	8402.41	7.67343378995
四餐	20140914	6	NA	NA	NA	8938	67367.01	7.53714589394
六餐	20141208	0	10.8	0.0	4.5	1098	8085.46	7.36380692168
三餐	20141203	2	10.0	4.9	6.5	7904	59084.69	7.47528972672
四餐	20150124	5	15.8	0.0	4.4	4176	33524.0	8.02777777778
六餐	20141218	3	10.3	0.0	3.5	1106	8423.42	7.61611211573
哈乐	20141104	1	20.5	0.0	3.7	2161	16186.7	7.49037482647
五餐	20141009	3	25.4	0.0	3.9	1903	17790.32	9.34856542302
四餐	20140906	5	NA	NA	NA	3361	23926.89	7.1189794704
二餐	20141228	6	10.8	0.0	3.9	12422	85171.78	6.85652712929
哈乐	20141113	3	16.4	0.0	3.9	1958	14879.2	7.59918283963
六餐	20141016	3	25.1	0.0	3.5	884	6161.4	6.96990950226
五餐	20150122	3	8.5	0.0	5.6	1645	15157.7	9.21440729483
一餐	20141224	2	13.7	0.0	5.1	8976	46389.88	5.16821301248
四餐	20141004	5	25.7	0.0	5.0	4028	29163.76	7.24025819265
一餐	20141126	2	18.7	0.2	2.4	8919	44223.16	4.95830922749
一餐	20141014	1	21.7	0.0	5.8	11670	60940.56	5.22198457584
哈乐	20140916	1	NA	NA	NA	1698	12018.6	7.07809187279
四餐	20141110	0	18.7	0.0	4.6	6217	47246.25	7.59952549461
二餐	20150101	3	6.3	0.0	8.0	9524	60765.81	6.38028244435
三餐	20141114	4	18.0	0.0	3.0	7348	52863.91	7.19432634731
五餐	20140922	0	NA	NA	NA	2046	18553.2	9.06803519062
哈乐	20141220	5	9.8	0.0	4.4	1070	7866.2	7.35158878505
哈乐	20141106	3	21.9	0.0	5.6	2031	15172.09	7.47025603151
哈乐	20140923	1	NA	NA	NA	1854	13894.4	7.49428263215
哈乐	20150121	2	15.3	4.4	5.7	355	2526.6	7.11718309859
二餐	20141108	5	14.9	5.3	5.6	11300	75101.47	6.64614778761
五餐	20141008	2	26.0	0.0	4.7	1975	18649.52	9.44279493671
四餐	20150110	5	15.1	0.0	3.1	4893	37259.5	7.61485796035
六餐	20150115	3	8.8	1.3	3.6	1188	9067.17	7.6322979798
四餐	20150131	5	7.2	0.0	5.1	3514	26716.41	7.60284860558
四餐	20150116	4	9.1	0.0	6.1	5202	38600.59	7.42033640907
六餐	20141031	4	24.2	119.6	2.7	912	6358.78	6.97234649123
一餐	20141209	1	12.0	0.0	7.5	10138	53887.26	5.31537384099
一餐	20141231	2	10.5	0.0	7.2	7073	34217.82	4.83780856779
四餐	20141227	5	12.3	0.0	3.3	5459	43756.15	8.01541491116
四餐	20140912	4	NA	NA	NA	5053	35661.77	7.05754403325
五餐	20141006	0	25.1	0.0	6.1	438	3792.32	8.65826484018
四餐	20141103	0	18.3	0.0	4.4	6633	50040.45	7.54416553596
四餐	20141212	4	9.2	0.0	5.8	5505	41198.13	7.48376566757
六餐	20140903	2	26.6	69.0	5.4	772	5604.22	7.25935233161
一餐	20150105	0	20.2	0.0	4.3	7072	37112.76	5.24784502262
二餐	20150102	4	9.3	0.0	3.2	11285	75181.43	6.66206734603
四餐	20150104	6	19.2	0.0	2.1	5648	41495.01	7.34685021246
六餐	20140914	6	NA	NA	NA	562	4070.3	7.24252669039
三餐	20141204	3	8.3	0.3	6.6	7906	59070.91	7.47165570453
三餐	20140913	5	NA	NA	NA	7211	73028.95	10.1274372486
六餐	20141107	4	19.7	11.3	6.7	780	5643.86	7.23571794872
五餐	20140925	3	NA	NA	NA	1768	17204.89	9.73127262443
三餐	20141018	5	25.0	0.0	5.4	6381	47236.5	7.40267983075
四餐	20140921	6	NA	NA	NA	6188	45659.91	7.37878312864
四餐	20141101	5	20.5	4.5	4.1	5299	40551.85	7.65273636535
一餐	20150112	0	9.3	0.0	5.7	5524	29017.57	5.25299963794
哈乐	20150114	2	8.7	90.2	7.2	1111	7544.8	6.79099909991
一餐	20141028	1	22.9	0.0	5.4	11065	57444.78	5.19157523723
哈乐	20140926	4	NA	NA	NA	1525	10916.66	7.15846557377
二餐	20141125	1	14.4	28.1	3.6	16662	109326.17	6.56140739407
哈乐	20141202	1	8.7	0.0	3.7	2155	16641.8	7.72241299304
五餐	20140923	1	NA	NA	NA	1985	18236.19	9.18699748111
一餐	20140916	1	NA	NA	NA	11811	59357.93	5.02564812463
三餐	20141110	0	18.7	0.0	4.6	8357	61813.62	7.39662797655
五餐	20150129	3	4.6	17.2	3.5	1626	15527.96	9.54979089791
五餐	20150113	1	9.9	84.7	5.3	1861	17624.48	9.47043524987
五餐	20141210	2	13.2	9.9	5.5	2090	20963.52	10.0303923445
哈乐	20150108	3	9.6	0.0	5.0	1482	10623.6	7.16842105263
一餐	20141210	2	13.2	9.9	5.5	8945	45267.88	5.06069088876
五餐	20150119	0	12.6	0.0	3.0	2024	18598.52	9.18899209486
五餐	20141027	0	20.3	0.0	5.8	2023	19066.93	9.42507661888
一餐	20150113	1	9.9	84.7	5.3	6692	33573.76	5.01699940227
哈乐	20141003	4	26.9	0.0	7.4	549	3800.9	6.9233151184
六餐	20140902	1	33.0	3.7	4.7	802	5899.5	7.35598503741
三餐	20150107	2	7.7	0.0	6.1	7787	58321.16	7.48955438551
一餐	20141003	4	26.9	0.0	7.4	3072	14473.2	4.711328125
四餐	20150120	1	11.8	0.9	4.7	5310	39190.92	7.38058757062
三餐	20140921	6	NA	NA	NA	7261	52831.16	7.27601707754
六餐	20141130	6	18.2	52.8	6.3	326	2424.72	7.43779141104
二餐	20140916	1	NA	NA	NA	23361	154700.7	6.62217798896
三餐	20150120	1	11.8	0.9	4.7	3102	19206.92	6.19178594455
二餐	20150109	4	11.9	26.6	3.2	14589	96269.5	6.59877304819
六餐	20140912	4	NA	NA	NA	761	5646.34	7.41963206307
四餐	20141221	6	6.2	0.0	5.5	4824	38648.92	8.01179933665
一餐	20141109	6	18.0	0.0	3.9	4569	24749.98	5.41693587218
五餐	20141104	1	20.5	0.0	3.7	2066	19305.6	9.34443368829
五餐	20141013	0	21.2	0.0	7.5	1947	18690.97	9.59988186954
一餐	20141223	1	12.7	0.0	5.4	10422	56460.64	5.41744770677
一餐	20140925	3	NA	NA	NA	11160	55289.26	4.95423476703
三餐	20141214	6	11.5	0.0	4.0	6091	49127.21	8.06554096208
哈乐	20141209	1	12.0	0.0	7.5	1959	14903.4	7.60765696784
三餐	20141019	6	27.0	0.0	7.2	6689	50831.6	7.59928240395
哈乐	20141230	1	17.0	0.0	2.9	2028	15521.8	7.65374753452
一餐	20141117	0	15.8	0.0	5.3	9812	52527.34	5.35337749694
六餐	20150110	5	15.1	0.0	3.1	377	2846.42	7.55018567639
二餐	20150105	0	20.2	0.0	4.3	16932	111863.13	6.60661055989
五餐	20150112	0	9.3	0.0	5.7	2073	19783.62	9.54347322721
五餐	20141007	1	25.8	0.0	4.8	667	5704.7	8.55277361319
哈乐	20150112	0	9.3	0.0	5.7	1175	8690.5	7.39617021277
二餐	20141124	0	22.3	14.7	5.7	16428	103856.02	6.32189067446
一餐	20141115	5	19.1	1.2	4.5	5034	26473.14	5.25886769964
二餐	20141117	0	15.8	0.0	5.3	18625	123372.75	6.62404026846
四餐	20140904	3	29.2	0.0	4.2	4348	28933.35	6.65440432383
四餐	20150103	5	12.2	0.0	5.1	4505	30617.48	6.79633296337
一餐	20141009	3	25.4	0.0	3.9	10825	54609.17	5.04472702079
一餐	20141217	2	7.0	0.0	6.5	8905	46665.82	5.24040651319
哈乐	20141024	4	24.7	0.0	4.6	1676	12293.7	7.33514319809
二餐	20140925	3	NA	NA	NA	21750	144107.46	6.62563034483
哈乐	20150101	3	6.3	0.0	8.0	941	5756.0	6.11689691817
哈乐	20141225	3	10.2	0.0	4.6	1946	15060.6	7.73926002055
二餐	20140927	5	NA	NA	NA	14974	98390.76	6.57077334046
五餐	20140928	6	NA	NA	NA	1374	13270.16	9.65804949054
四餐	20141218	3	10.3	0.0	3.5	5807	44278.44	7.62501119339
哈乐	20141013	0	21.2	0.0	7.5	2036	15614.49	7.66919941061
二餐	20140909	1	NA	NA	NA	13123	84474.54	6.43713632554
一餐	20141008	2	26.0	0.0	4.7	9799	49664.46	5.06831921625
一餐	20141125	1	14.4	28.1	3.6	9706	51458.03	5.30167216155
哈乐	20141126	2	18.7	0.2	2.4	1689	12533.0	7.42036708111
六餐	20141105	2	23.0	0.2	4.3	948	6923.74	7.30352320675
五餐	20141116	6	15.9	8.8	3.5	730	7290.32	9.98673972603
二餐	20141027	0	20.3	0.0	5.8	20900	138719.49	6.63729617225
四餐	20150118	6	10.7	0.0	5.9	4440	35335.75	7.95850225225
三餐	20141119	2	17.8	0.0	4.3	8117	57920.34	7.13568313416
三餐	20150113	1	9.9	84.7	5.3	5797	41070.46	7.08477833362
六餐	20150121	2	15.3	4.4	5.7	619	4671.12	7.5462358643
一餐	20141112	2	17.8	0.0	5.5	9723	48644.61	5.00304535637
五餐	20140912	4	NA	NA	NA	561	5490.74	9.78741532977
四餐	20141126	2	18.7	0.2	2.4	5898	43413.48	7.3607121058
一餐	20141107	4	19.7	11.3	6.7	9094	45499.28	5.0032197053
哈乐	20141207	6	14.2	0.0	5.1	961	7079.8	7.36711758585
哈乐	20141019	6	27.0	0.0	7.2	1182	8784.5	7.43189509306
一餐	20141203	2	10.0	4.9	6.5	8776	45360.03	5.16864516864
五餐	20141001	2	26.5	0.0	2.0	346	3547.02	10.2515028902
二餐	20141128	4	17.8	16.1	6.8	15923	102975.86	6.46711423727
三餐	20150126	0	11.0	0.0	4.4	3532	24315.17	6.88424971687
三餐	20141003	4	26.9	0.0	7.4	3028	21248.48	7.01733157199
三餐	20141230	1	17.0	0.0	2.9	7444	53439.62	7.17888500806
五餐	20141017	4	25.4	0.0	3.8	1625	14975.46	9.21566769231
一餐	20141211	3	8.4	2.9	5.6	8956	48046.72	5.36475212148
六餐	20140926	4	NA	NA	NA	925	6624.72	7.16185945946
哈乐	20141105	2	23.0	0.2	4.3	2061	15360.9	7.45312954876
五餐	20140902	1	33.0	3.7	4.7	520	4855.32	9.33715384615
四餐	20140925	3	NA	NA	NA	7111	51562.36	7.25107017297
五餐	20140903	2	26.6	69.0	5.4	558	5457.64	9.78071684588
四餐	20150102	4	9.3	0.0	3.2	3842	27324.53	7.11205882353
六餐	20141109	6	18.0	0.0	3.9	333	2396.48	7.19663663664
四餐	20150112	0	9.3	0.0	5.7	5442	40158.1	7.37929070195
五餐	20141012	6	25.4	0.0	7.9	902	9347.9	10.3635254989
三餐	20141126	2	18.7	0.2	2.4	7986	57549.76	7.20633107939
四餐	20141027	0	20.3	0.0	5.8	6410	48026.84	7.49248673947
三餐	20141125	1	14.4	28.1	3.6	6989	49258.14	7.04795249678
二餐	20141004	5	25.7	0.0	5.0	7930	50696.3	6.39297604035
二餐	20141218	3	10.3	0.0	3.5	17549	119274.72	6.79666761639
二餐	20140911	3	NA	NA	NA	10987	72629.13	6.61046054428
一餐	20141001	2	26.5	0.0	2.0	3726	16670.44	4.47408480945
六餐	20140930	1	23.6	1.9	7.9	657	4475.53	6.81207001522
三餐	20140917	2	NA	NA	NA	9317	66460.43	7.13324353333
六餐	20140924	2	NA	NA	NA	1107	7994.26	7.22155374887
五餐	20141215	0	10.7	0.0	3.5	2187	21143.07	9.66761316872
一餐	20140907	6	NA	NA	NA	7498	36225.7	4.83138170179
哈乐	20141016	3	25.1	0.0	3.5	2002	15523.3	7.7538961039
二餐	20141023	3	25.0	0.0	4.1	20306	133664.68	6.58252142224
六餐	20141021	1	26.5	0.6	5.1	1068	7400.43	6.92924157303
六餐	20141210	2	13.2	9.9	5.5	1114	8347.5	7.49326750449
二餐	20141127	3	20.2	0.0	7.0	19125	123361.63	6.45028130719
三餐	20141024	4	24.7	0.0	4.6	7631	54230.13	7.10655615254
二餐	20150103	5	12.2	0.0	5.1	12110	78185.57	6.45628158547
二餐	20141020	0	30.3	0.0	3.5	21617	141118.07	6.52810612018
四餐	20141028	1	22.9	0.0	5.4	6756	50111.6	7.41734754292
一餐	20141016	3	25.1	0.0	3.5	10664	54220.31	5.08442516879
五餐	20150111	6	15.8	0.0	4.7	720	7151.7	9.93291666667
哈乐	20141107	4	19.7	11.3	6.7	1767	13427.2	7.59886813809
四餐	20141010	4	26.6	0.0	5.9	7117	51893.36	7.29146550513
哈乐	20150116	4	9.1	0.0	6.1	722	5226.1	7.23836565097
三餐	20141213	5	9.2	4.9	4.3	5465	43101.52	7.88682891125
六餐	20150113	1	9.9	84.7	5.3	1413	10889.18	7.70642604388
四餐	20141117	0	15.8	0.0	5.3	6038	45805.8	7.5862537264
一餐	20141201	0	11.6	0.0	7.6	9837	53094.83	5.39746162448
二餐	20140906	5	NA	NA	NA	11278	72110.82	6.39393686824
六餐	20150119	0	12.6	0.0	3.0	1119	8327.89	7.44226094727
六餐	20141209	1	12.0	0.0	7.5	1004	7608.5	7.578187251
二餐	20140913	5	NA	NA	NA	12186	91218.41	7.48550878057
四餐	20141210	2	13.2	9.9	5.5	5511	40826.39	7.40816367265
三餐	20140925	3	NA	NA	NA	8742	61025.99	6.98078128575
哈乐	20141112	2	17.8	0.0	5.5	1891	14040.1	7.42469592808
一餐	20141119	2	17.8	0.0	4.3	8885	44397.08	4.99685762521
四餐	20141026	6	29.2	0.0	3.1	6069	46218.05	7.61543087823
一餐	20141227	5	12.3	0.0	3.3	5660	31399.3	5.5475795053
四餐	20140922	0	NA	NA	NA	6470	46842.57	7.23996445131
二餐	20141130	6	18.2	52.8	6.3	10839	74310.06	6.85580404096
哈乐	20141215	0	10.7	0.0	3.5	2003	15721.3	7.84887668497
哈乐	20140913	5	NA	NA	NA	369	3366.9	9.1243902439
一餐	20141011	5	27.0	1.0	6.5	10697	53843.68	5.03353089651
二餐	20141018	5	25.0	0.0	5.4	12842	84118.09	6.55023282978
三餐	20141006	0	25.1	0.0	6.1	4541	33287.05	7.33033472803
二餐	20150118	6	10.7	0.0	5.9	6191	42025.16	6.78810531417
哈乐	20150104	6	19.2	0.0	2.1	1753	13301.3	7.5877353109
一餐	20141103	0	18.3	0.0	4.4	10659	57162.85	5.36287175157
三餐	20150108	3	9.6	0.0	5.0	7475	52779.23	7.06076655518
二餐	20141012	6	25.4	0.0	7.9	14625	99330.03	6.79179692308
三餐	20150105	0	20.2	0.0	4.3	8398	63471.41	7.5579197428
四餐	20150105	0	20.2	0.0	4.3	5606	41808.59	7.45782911167
六餐	20141231	2	10.5	0.0	7.2	681	5075.95	7.45367107195
一餐	20150118	6	10.7	0.0	5.9	2375	12418.16	5.22869894737
六餐	20150109	4	11.9	26.6	3.2	851	6490.83	7.6272972973
四餐	20141005	6	26.9	4.6	5.6	4057	29836.03	7.35421000739
二餐	20141207	6	14.2	0.0	5.1	10482	72752.48	6.94070597214
五餐	20141107	4	19.7	11.3	6.7	1738	16543.5	9.51869965478
六餐	20141117	0	15.8	0.0	5.3	979	7068.64	7.22026557712
六餐	20150117	5	7.7	0.0	5.5	366	2851.32	7.79049180328
哈乐	20141118	1	17.1	0.0	3.9	2045	15781.3	7.71701711491
四餐	20141120	3	20.3	0.0	4.8	5456	40592.18	7.43991568915
六餐	20141126	2	18.7	0.2	2.4	840	6146.2	7.3169047619
一餐	20150115	3	8.8	1.3	3.6	4551	23126.15	5.08155350472
六餐	20141202	1	8.7	0.0	3.7	1053	7916.96	7.51848053181
一餐	20140905	4	46.3	0.0	5.1	8565	41102.83	4.79892936369
四餐	20140926	4	NA	NA	NA	6924	49909.28	7.2081571346
一餐	20141002	3	29.0	0.0	2.4	3093	14452.45	4.67263174911
五餐	20140913	5	NA	NA	NA	361	3562.56	9.86858725762
二餐	20150110	5	15.1	0.0	3.1	10778	74528.86	6.91490629059
二餐	20140914	6	NA	NA	NA	17645	120971.03	6.85582487957
哈乐	20141023	3	25.0	0.0	4.1	2057	15524.9	7.54735051045
六餐	20141108	5	14.9	5.3	5.6	515	3780.42	7.34062135922
五餐	20141204	3	8.3	0.3	6.6	2129	20691.18	9.71873179897
六餐	20141120	3	20.3	0.0	4.8	798	5868.58	7.35411027569
一餐	20141204	3	8.3	0.3	6.6	9362	49485.42	5.28577440718
四餐	20141104	1	20.5	0.0	3.7	6929	52154.4	7.52697358926
哈乐	20140921	6	NA	NA	NA	941	7090.7	7.5352816153
四餐	20141125	1	14.4	28.1	3.6	5691	41715.37	7.33005974345
二餐	20141019	6	27.0	0.0	7.2	13820	92389.03	6.68516859624
四餐	20141106	3	21.9	0.0	5.6	6170	47024.23	7.62143111831
六餐	20141223	1	12.7	0.0	5.4	1160	8837.31	7.61837068966
五餐	20141023	3	25.0	0.0	4.1	1815	17265.42	9.51262809917
四餐	20140924	2	NA	NA	NA	6805	49505.59	7.27488464364
四餐	20150128	2	5.5	1.6	5.7	4423	34134.82	7.71757178386
一餐	20141105	2	23.0	0.2	4.3	9849	49490.14	5.02488983653
一餐	20140921	6	NA	NA	NA	5965	31056.39	5.20643587594
四餐	20141230	1	17.0	0.0	2.9	5831	44938.7	7.70685988681
哈乐	20141031	4	24.2	119.6	2.7	1725	12695.2	7.35953623188
六餐	20141007	1	25.8	0.0	4.8	14	329.0	23.5
二餐	20141208	0	10.8	0.0	4.5	17575	115442.71	6.56857524893
四餐	20141209	1	12.0	0.0	7.5	5926	45382.92	7.6582720216
六餐	20141009	3	25.4	0.0	3.9	878	6455.58	7.35259681093
二餐	20141118	1	17.1	0.0	3.9	18806	120522.74	6.40873870041
五餐	20140910	2	NA	NA	NA	1809	17054.29	9.42746821448
二餐	20141103	0	18.3	0.0	4.4	20817	140806.3	6.76400538022
二餐	20141205	4	9.6	0.0	6.1	15416	101429.38	6.57948754541
六餐	20141008	2	26.0	0.0	4.7	866	6175.09	7.13058891455
哈乐	20150118	6	10.7	0.0	5.9	363	2387.1	6.57603305785
二餐	20140907	6	NA	NA	NA	12161	79492.45	6.53667050407
哈乐	20140914	6	NA	NA	NA	727	6373.8	8.76726272352
一餐	20141031	4	24.2	119.6	2.7	8680	44241.94	5.09699769585
五餐	20150131	5	7.2	0.0	5.1	609	5853.98	9.61244663383
哈乐	20141011	5	27.0	1.0	6.5	1761	12821.37	7.28073253833
二餐	20150115	3	8.8	1.3	3.6	10750	69475.3	6.46281860465
二餐	20141107	4	19.7	11.3	6.7	17411	110807.35	6.36421515134
一餐	20140901	0	31.0	22.4	6.2	8329	41678.61	5.00403529836
三餐	20141104	1	20.5	0.0	3.7	8313	61315.52	7.37585949717
六餐	20141106	3	21.9	0.0	5.6	916	6586.67	7.19068777293
六餐	20150108	3	9.6	0.0	5.0	1034	7932.36	7.67152804642
三餐	20140927	5	NA	NA	NA	6761	48584.0	7.18591924272
二餐	20150120	1	11.8	0.9	4.7	6875	43776.21	6.36744872727
四餐	20140923	1	NA	NA	NA	6989	50536.58	7.23087423093
哈乐	20141022	2	24.2	0.0	5.7	1949	14884.8	7.637147255
四餐	20141228	6	10.8	0.0	3.9	5290	41605.96	7.86502079395
四餐	20140919	4	NA	NA	NA	6568	47079.83	7.16806181486
一餐	20140920	5	NA	NA	NA	6353	31988.93	5.03524791437
五餐	20141022	2	24.2	0.0	5.7	2069	19721.98	9.53213146448
三餐	20141122	5	23.4	0.0	2.2	5341	38129.91	7.13909567497
四餐	20141013	0	21.2	0.0	7.5	7133	53313.54	7.47421000981
四餐	20150113	1	9.9	84.7	5.3	5181	38379.3	7.40770121598
五餐	20150115	3	8.8	1.3	3.6	1896	18398.23	9.70370780591
一餐	20150106	1	13.3	1.5	6.5	7131	38639.82	5.41856962558
四餐	20141222	0	9.2	0.0	4.7	5235	39084.54	7.46600573066
一餐	20141114	4	18.0	0.0	3.0	8756	44005.7	5.02577661032
六餐	20140915	0	NA	NA	NA	1163	8560.16	7.36041272571
三餐	20141102	6	20.1	3.7	7.4	5846	46081.28	7.88253164557
四餐	20140929	0	31.0	0.0	3.3	6687	47364.41	7.08305817257
哈乐	20141004	5	25.7	0.0	5.0	491	3514.0	7.15682281059
五餐	20141119	2	17.8	0.0	4.3	1945	18377.87	9.44877634961
四餐	20150101	3	6.3	0.0	8.0	3800	27578.36	7.25746315789
五餐	20141018	5	25.0	0.0	5.4	797	8127.2	10.1972396487
四餐	20141223	1	12.7	0.0	5.4	6288	47681.54	7.58294211196
四餐	20140918	3	NA	NA	NA	6810	49467.53	7.26395447871
四餐	20141231	2	10.5	0.0	7.2	4852	33258.03	6.8544991756
哈乐	20141012	6	25.4	0.0	7.9	1192	8812.9	7.39337248322
三餐	20150109	4	11.9	26.6	3.2	6583	47483.5	7.21304876196
四餐	20150119	0	12.6	0.0	3.0	5199	38561.51	7.41710136565
四餐	20141202	1	8.7	0.0	3.7	6286	47527.56	7.56085905186
三餐	20140916	1	NA	NA	NA	9953	70125.54	7.04566864262
四餐	20141015	2	23.3	0.9	3.7	7064	52475.71	7.4286112684
哈乐	20150120	1	11.8	0.9	4.7	328	2442.5	7.44664634146
二餐	20141011	5	27.0	1.0	6.5	19778	127560.45	6.44961320659
三餐	20141209	1	12.0	0.0	7.5	7208	55042.89	7.63636098779
二餐	20141022	2	24.2	0.0	5.7	20990	138717.44	6.60873939971
五餐	20150103	5	12.2	0.0	5.1	728	6679.44	9.17505494505
六餐	20141122	5	23.4	0.0	2.2	283	2211.06	7.81293286219
二餐	20141026	6	29.2	0.0	3.1	12668	85154.71	6.72203268077
六餐	20141101	5	20.5	4.5	4.1	392	2830.38	7.22035714286
三餐	20141016	3	25.1	0.0	3.5	8482	60077.74	7.08296863947
一餐	20140909	1	NA	NA	NA	7491	36344.33	4.85173274596
四餐	20141123	6	23.2	0.0	5.4	4777	37054.66	7.75688926104
六餐	20140910	2	NA	NA	NA	926	6806.34	7.35025917927
五餐	20141015	2	23.3	0.9	3.7	2201	20761.28	9.43265788278
哈乐	20141005	6	26.9	4.6	5.6	611	4651.5	7.61292962357
一餐	20141006	0	25.1	0.0	6.1	3731	18975.84	5.08599303136
哈乐	20140927	5	NA	NA	NA	1058	7572.7	7.15756143667
二餐	20141126	2	18.7	0.2	2.4	17832	116427.57	6.52913694482
六餐	20140906	5	NA	NA	NA	279	1957.66	7.01670250896
三餐	20141031	4	24.2	119.6	2.7	6910	49464.69	7.1584211288
二餐	20141104	1	20.5	0.0	3.7	20536	137152.52	6.67863848851
哈乐	20141116	6	15.9	8.8	3.5	990	7237.7	7.31080808081
三餐	20140914	6	NA	NA	NA	8332	65135.64	7.81752760442
六餐	20140901	0	31.0	22.4	6.2	803	5708.92	7.10948941469
五餐	20140915	0	NA	NA	NA	1318	11354.84	8.61520485584
一餐	20141102	6	20.1	3.7	7.4	4567	25509.19	5.58554631049
五餐	20150101	3	6.3	0.0	8.0	424	4913.16	11.5876415094
二餐	20141109	6	18.0	0.0	3.9	11770	81417.83	6.91740271878
哈乐	20141226	4	11.3	0.0	5.5	1213	8975.2	7.39917559769
六餐	20141023	3	25.0	0.0	4.1	903	6010.91	6.65660022148
五餐	20140918	3	NA	NA	NA	1815	16840.1	9.27829201102
四餐	20150111	6	15.8	0.0	4.7	4828	37700.96	7.80881524441
一餐	20141213	5	9.2	4.9	4.3	4435	23784.1	5.36281848929
四餐	20141130	6	18.2	52.8	6.3	4848	38281.14	7.89627475248
六餐	20150118	6	10.7	0.0	5.9	396	3017.08	7.61888888889
五餐	20150128	2	5.5	1.6	5.7	2002	19809.22	9.89471528472
四餐	20141121	4	22.7	0.0	3.6	6399	46699.51	7.29793874043
三餐	20141205	4	9.6	0.0	6.1	7137	53187.38	7.45234412218
三餐	20141121	4	22.7	0.0	3.6	6372	43004.74	6.7490175769
四餐	20140907	6	NA	NA	NA	3456	25190.28	7.28885416667
三餐	20141004	5	25.7	0.0	5.0	3394	25576.88	7.53591043017
三餐	20141101	5	20.5	4.5	4.1	5941	44048.48	7.41432082141
四餐	20141205	4	9.6	0.0	6.1	5613	43720.49	7.78914840549
一餐	20140930	1	23.6	1.9	7.9	9595	44616.15	4.64993746743
一餐	20150126	0	11.0	0.0	4.4	3693	19737.3	5.34451665313
三餐	20141201	0	11.6	0.0	7.6	8136	60678.3	7.45800147493
五餐	20141217	2	7.0	0.0	6.5	2248	21878.17	9.73228202847
哈乐	20141206	5	11.0	0.0	2.6	840	6223.6	7.40904761905
六餐	20140913	5	NA	NA	NA	490	3759.86	7.67318367347
二餐	20141010	4	26.6	0.0	5.9	20411	134038.78	6.56698740875
六餐	20141214	6	11.5	0.0	4.0	412	3136.82	7.6136407767
五餐	20141111	1	20.5	0.0	2.6	1750	17035.41	9.73452
哈乐	20141124	0	22.3	14.7	5.7	1797	13861.35	7.71360601002
二餐	20141009	3	25.4	0.0	3.9	22161	147230.88	6.64369297414
六餐	20141123	6	23.2	0.0	5.4	244	2056.32	8.42754098361
一餐	20141129	5	18.2	3.0	5.3	4482	23832.85	5.31745872378
六餐	20141207	6	14.2	0.0	5.1	346	2716.34	7.85069364162
三餐	20150118	6	10.7	0.0	5.9	2715	19838.96	7.30716758748
四餐	20141017	4	25.4	0.0	3.8	7019	52243.45	7.44314717196
五餐	20141102	6	20.1	3.7	7.4	785	8056.08	10.262522293
五餐	20150126	0	11.0	0.0	4.4	2054	20243.84	9.85581304771
四餐	20141128	4	17.8	16.1	6.8	5820	43775.88	7.52162886598
一餐	20141013	0	21.2	0.0	7.5	11122	58481.65	5.25819546844
二餐	20141220	5	9.8	0.0	4.4	12934	90364.42	6.98657955775
六餐	20140905	4	46.3	0.0	5.1	617	4470.52	7.24557536467
五餐	20141120	3	20.3	0.0	4.8	1675	16601.74	9.91148656716
五餐	20141010	4	26.6	0.0	5.9	1794	17385.16	9.69072463768
哈乐	20150113	1	9.9	84.7	5.3	1388	9959.9	7.1757204611
二餐	20140908	0	NA	NA	NA	11011	70384.24	6.39217509763
四餐	20141012	6	25.4	0.0	7.9	6484	49667.47	7.66000462677
三餐	20141105	2	23.0	0.2	4.3	8546	62144.74	7.27179265153
六餐	20141018	5	25.0	0.0	5.4	385	2759.88	7.16851948052
六餐	20150116	4	9.1	0.0	6.1	996	7820.66	7.85206827309
五餐	20141109	6	18.0	0.0	3.9	832	8695.76	10.4516346154
二餐	20141216	1	7.4	0.0	9.8	17007	117534.97	6.91097606868
五餐	20141005	6	26.9	4.6	5.6	377	3153.52	8.36477453581
三餐	20140911	3	NA	NA	NA	2535	19715.97	7.77750295858
三餐	20150103	5	12.2	0.0	5.1	5412	39522.38	7.30273096822
哈乐	20141210	2	13.2	9.9	5.5	1721	12971.8	7.53736199884
一餐	20141124	0	22.3	14.7	5.7	8988	47368.63	5.27020805518
一餐	20150119	0	12.6	0.0	3.0	2845	13856.81	4.87058347979
二餐	20141129	5	18.2	3.0	5.3	10770	71608.11	6.64884958217
二餐	20140926	4	NA	NA	NA	20405	131279.51	6.43369321245
四餐	20140911	3	NA	NA	NA	4796	33083.55	6.89815471226
哈乐	20141228	6	10.8	0.0	3.9	1144	8875.9	7.75865384615
四餐	20140902	1	33.0	3.7	4.7	4337	28735.42	6.62564445469
一餐	20141111	1	20.5	0.0	2.6	10328	54016.7	5.23012199845
一餐	20141024	4	24.7	0.0	4.6	9202	45057.14	4.89645077157
一餐	20141104	1	20.5	0.0	3.7	11160	58875.84	5.27561290323
二餐	20140923	1	NA	NA	NA	20853	139648.62	6.6968119695
五餐	20141021	1	26.5	0.6	5.1	1950	18398.37	9.43506153846
哈乐	20150117	5	7.7	0.0	5.5	486	3416.6	7.03004115226
五餐	20141223	1	12.7	0.0	5.4	1886	18007.24	9.54784729586
三餐	20150131	5	7.2	0.0	5.1	1939	13247.53	6.83214543579
三餐	20141112	2	17.8	0.0	5.5	8418	62418.11	7.41483844143
三餐	20141118	1	17.1	0.0	3.9	8243	60301.86	7.31552347446
六餐	20150111	6	15.8	0.0	4.7	354	2680.3	7.57146892655
二餐	20141222	0	9.2	0.0	4.7	18165	119249.29	6.56478337462
五餐	20141014	1	21.7	0.0	5.8	1858	17741.38	9.54864370291
一餐	20150101	3	6.3	0.0	8.0	3743	19051.38	5.08986908897
哈乐	20141009	3	25.4	0.0	3.9	1967	14526.9	7.38530757499
一餐	20141113	3	16.4	0.0	3.9	9768	51646.23	5.28728808354
一餐	20150108	3	9.6	0.0	5.0	6445	33382.98	5.17967106284
哈乐	20141015	2	23.3	0.9	3.7	1986	15191.0	7.64904330312
一餐	20141021	1	26.5	0.6	5.1	11206	57740.34	5.15262716402
一餐	20141026	6	29.2	0.0	3.1	5199	28073.98	5.3998807463
三餐	20141020	0	30.3	0.0	3.5	8096	57532.01	7.10622653162
三餐	20141218	3	10.3	0.0	3.5	7935	59144.6	7.4536357908
二餐	20150114	2	8.7	90.2	7.2	10152	68541.5	6.75152679275
哈乐	20141102	6	20.1	3.7	7.4	1078	8140.2	7.55120593692
四餐	20141214	6	11.5	0.0	4.0	4512	34940.33	7.74386746454
五餐	20140917	2	NA	NA	NA	2037	19301.38	9.475395189
二餐	20141206	5	11.0	0.0	2.6	10240	66509.93	6.49511035156
二餐	20141213	5	9.2	4.9	4.3	10415	70176.95	6.73806529045
四餐	20140905	4	46.3	0.0	5.1	4287	28571.03	6.66457429438
一餐	20141120	3	20.3	0.0	4.8	8907	45772.99	5.13899068149
四餐	20150125	6	14.9	1.8	5.0	3978	31502.14	7.91908999497
三餐	20141023	3	25.0	0.0	4.1	8290	58954.75	7.11155006031
四餐	20141023	3	25.0	0.0	4.1	6848	50323.03	7.34857330607
四餐	20150107	2	7.7	0.0	6.1	5426	40348.56	7.43615186141
哈乐	20141213	5	9.2	4.9	4.3	819	5995.0	7.3199023199
一餐	20150121	2	15.3	4.4	5.7	2424	11226.92	4.63156765677
哈乐	20141006	0	25.1	0.0	6.1	683	4769.7	6.98345534407
四餐	20141107	4	19.7	11.3	6.7	6397	48777.52	7.62506174769
一餐	20150128	2	5.5	1.6	5.7	3325	16772.83	5.04446015038
六餐	20141114	4	18.0	0.0	3.0	817	5988.13	7.3294124847
哈乐	20141129	5	18.2	3.0	5.3	989	7185.0	7.2649140546
一餐	20140923	1	NA	NA	NA	11107	57348.64	5.16328801657
哈乐	20141014	1	21.7	0.0	5.8	2120	16083.25	7.58643867925
一餐	20140919	4	NA	NA	NA	9647	49213.41	5.1014211672
四餐	20141114	4	18.0	0.0	3.0	5614	42042.68	7.48889918062
二餐	20141007	1	25.8	0.0	4.8	12740	83667.56	6.56731240188
二餐	20150130	4	5.5	0.1	4.7	2590	16614.93	6.41503088803
哈乐	20141010	4	26.6	0.0	5.9	1900	13798.4	7.26231578947
六餐	20141110	0	18.7	0.0	4.6	976	6978.34	7.14993852459
一餐	20150127	1	7.7	2.2	7.4	3576	18549.42	5.18719798658
五餐	20141219	4	11.8	0.0	3.8	1719	15691.36	9.12819080861
哈乐	20141021	1	26.5	0.6	5.1	2132	16228.6	7.61191369606
哈乐	20140928	6	NA	NA	NA	1887	13461.7	7.13391626921
三餐	20141029	2	19.8	10.5	3.7	7885	55944.72	7.09508180089
五餐	20141216	1	7.4	0.0	9.8	2146	20343.38	9.47967381174
四餐	20141127	3	20.2	0.0	7.0	5880	43745.91	7.43978061224
三餐	20140912	4	NA	NA	NA	3019	24396.16	8.08087446174
六餐	20150106	1	13.3	1.5	6.5	1118	8870.78	7.93450805009
二餐	20141225	3	10.2	0.0	4.6	16882	114122.42	6.76000592347
二餐	20150112	0	9.3	0.0	5.7	14700	99933.46	6.79819455782
哈乐	20141120	3	20.3	0.0	4.8	1705	12602.1	7.39126099707
五餐	20141224	2	13.7	0.0	5.1	1947	20011.4	10.2780688238
哈乐	20141026	6	29.2	0.0	3.1	1054	7940.6	7.53377609108
一餐	20141222	0	9.2	0.0	4.7	10223	55250.72	5.40455052333
四餐	20141201	0	11.6	0.0	7.6	6286	47591.62	7.57104995227
五餐	20150130	4	5.5	0.1	4.7	1346	12739.79	9.46492570579
二餐	20141008	2	26.0	0.0	4.7	21803	140118.93	6.42658946017
三餐	20150106	1	13.3	1.5	6.5	7586	54893.72	7.23618771421
一餐	20140928	6	NA	NA	NA	10595	53082.94	5.01018782445
五餐	20141209	1	12.0	0.0	7.5	2075	19809.76	9.54687228916
哈乐	20140929	0	31.0	0.0	3.3	1921	13798.6	7.18302967205
五餐	20150109	4	11.9	26.6	3.2	1438	14014.62	9.74591098748
哈乐	20141117	0	15.8	0.0	5.3	2032	15260.2	7.50994094488
六餐	20140920	5	NA	NA	NA	442	3345.48	7.56895927602
哈乐	20141231	2	10.5	0.0	7.2	1485	10100.3	6.80154882155
二餐	20141224	2	13.7	0.0	5.1	17140	116341.04	6.78769194866
三餐	20141211	3	8.4	2.9	5.6	7115	52938.3	7.44037947997
二餐	20141116	6	15.9	8.8	3.5	11196	73926.31	6.60292157914
哈乐	20141030	3	22.0	18.8	2.1	1999	15388.7	7.69819909955
六餐	20141215	0	10.7	0.0	3.5	1116	8557.68	7.66817204301
五餐	20141202	1	8.7	0.0	3.7	2097	20104.6	9.58731521221
五餐	20140929	0	31.0	0.0	3.3	1667	15630.92	9.37667666467
一餐	20141007	1	25.8	0.0	4.8	4504	23247.37	5.16149422735
一餐	20141027	0	20.3	0.0	5.8	10331	54117.54	5.23836414674
六餐	20140911	3	NA	NA	NA	858	6233.59	7.26525641026
六餐	20141011	5	27.0	1.0	6.5	779	5479.18	7.0336071887
哈乐	20141125	1	14.4	28.1	3.6	1927	15107.48	7.83989621173
哈乐	20141224	2	13.7	0.0	5.1	1828	13777.4	7.53687089716
五餐	20141108	5	14.9	5.3	5.6	781	8180.02	10.4737772087
六餐	20141229	0	13.8	0.0	4.1	1022	7629.06	7.46483365949
二餐	20150113	1	9.9	84.7	5.3	10579	69860.37	6.60368371302
五餐	20141129	5	18.2	3.0	5.3	840	8562.62	10.1935952381
哈乐	20141109	6	18.0	0.0	3.9	989	7344.7	7.42639029323
五餐	20150121	2	15.3	4.4	5.7	1761	16748.55	9.51081771721
三餐	20141025	5	25.5	3.6	4.1	5874	42976.37	7.31637214845
三餐	20141007	1	25.8	0.0	4.8	6105	44972.95	7.36657657658
哈乐	20141214	6	11.5	0.0	4.0	877	6278.5	7.1590649943
五餐	20141121	4	22.7	0.0	3.6	1281	12781.52	9.97776736924
哈乐	20141128	4	17.8	16.1	6.8	1676	12419.7	7.4103221957
一餐	20141229	0	13.8	0.0	4.1	9233	49245.73	5.33366511426
五餐	20141207	6	14.2	0.0	5.1	832	9012.66	10.8325240385
三餐	20141224	2	13.7	0.0	5.1	7137	52263.51	7.32289617486
二餐	20141227	5	12.3	0.0	3.3	11569	78561.79	6.79071570577
一餐	20141205	4	9.6	0.0	6.1	8298	41939.55	5.05417570499
三餐	20150130	4	5.5	0.1	4.7	2665	18317.61	6.87339962477
三餐	20150117	5	7.7	0.0	5.5	3274	23234.9	7.09679291387
一餐	20141101	5	20.5	4.5	4.1	4873	25574.56	5.24821670429
四餐	20140915	0	NA	NA	NA	7458	52843.16	7.08543309198
三餐	20150127	1	7.7	2.2	7.4	3485	23727.05	6.80833572453
五餐	20141128	4	17.8	16.1	6.8	1674	16730.7	9.99444444444
二餐	20141110	0	18.7	0.0	4.6	19374	129016.05	6.65923660576
二餐	20150116	4	9.1	0.0	6.1	9024	58896.83	6.52668772163
三餐	20141008	2	26.0	0.0	4.7	8491	61246.14	7.21306559887
二餐	20141211	3	8.4	2.9	5.6	16925	111485.24	6.58701565731
五餐	20150116	4	9.1	0.0	6.1	1559	14392.15	9.23165490699
三餐	20150122	3	8.5	0.0	5.6	2814	17784.75	6.32009594883
六餐	20140922	0	NA	NA	NA	1377	10467.56	7.60171387073
一餐	20150120	1	11.8	0.9	4.7	2628	12327.27	4.69074200913
一餐	20141004	5	25.7	0.0	5.0	3126	15327.61	4.90326615483
四餐	20141217	2	7.0	0.0	6.5	5931	44760.31	7.54684033047
一餐	20150104	6	19.2	0.0	2.1	8737	45555.69	5.214111251
五餐	20141123	6	23.2	0.0	5.4	623	6389.21	10.2555537721
五餐	20150118	6	10.7	0.0	5.9	710	6756.78	9.5165915493
三餐	20150102	4	9.3	0.0	3.2	5069	35415.6	6.98670349181
一餐	20150103	5	12.2	0.0	5.1	4893	25041.54	5.11782955242
四餐	20150122	3	8.5	0.0	5.6	5264	38085.08	7.23500759878
二餐	20141002	3	29.0	0.0	2.4	7716	49122.21	6.36627916019
三餐	20150123	4	10.1	0.0	4.7	3364	21602.11	6.42155469679
五餐	20141029	2	19.8	10.5	3.7	2120	20412.75	9.62865566038
四餐	20150109	4	11.9	26.6	3.2	5297	38871.35	7.33837077591
四餐	20141007	1	25.8	0.0	4.8	5443	40273.91	7.39921183171
六餐	20150112	0	9.3	0.0	5.7	1197	9440.95	7.88717627402
四餐	20141030	3	22.0	18.8	2.1	6184	46554.56	7.52822768435
四餐	20150121	2	15.3	4.4	5.7	5329	39154.14	7.34737098893
六餐	20141124	0	22.3	14.7	5.7	1177	8263.74	7.02101954121
三餐	20141111	1	20.5	0.0	2.6	8090	58503.55	7.23158838072
四餐	20150129	3	4.6	17.2	3.5	4091	31819.76	7.77799071132
哈乐	20141221	6	6.2	0.0	5.5	947	7134.2	7.53347412883
五餐	20141127	3	20.2	0.0	7.0	1747	16412.98	9.39495134516
哈乐	20141103	0	18.3	0.0	4.4	2079	15870.3	7.63362193362
三餐	20141109	6	18.0	0.0	3.9	6317	49434.7	7.82566091499
三餐	20141014	1	21.7	0.0	5.8	8522	61597.27	7.22802980521
二餐	20141101	5	20.5	4.5	4.1	11538	75283.9	6.52486566129
三餐	20141028	1	22.9	0.0	5.4	8152	57726.11	7.08122055937
二餐	20141212	4	9.2	0.0	5.8	14032	93459.61	6.66046251425
三餐	20141106	3	21.9	0.0	5.6	8381	61227.59	7.30552320725
六餐	20141104	1	20.5	0.0	3.7	962	6847.9	7.1183991684
四餐	20141124	0	22.3	14.7	5.7	5406	38681.3	7.15525342212
三餐	20141124	0	22.3	14.7	5.7	7272	49996.31	6.87518014301
六餐	20140916	1	NA	NA	NA	1074	7856.1	7.31480446927
二餐	20140904	3	29.2	0.0	4.2	14796	94846.85	6.41030346039
一餐	20141215	0	10.7	0.0	3.5	9583	51762.73	5.40151622665
六餐	20140918	3	NA	NA	NA	1252	9050.18	7.22857827476
一餐	20141029	2	19.8	10.5	3.7	9805	49435.51	5.04186741458
五餐	20141229	0	13.8	0.0	4.1	1984	18889.84	9.52108870968
三餐	20140915	0	NA	NA	NA	9500	69557.74	7.32186736842
五餐	20141212	4	9.2	0.0	5.8	1459	14617.61	10.0189239205
五餐	20141016	3	25.1	0.0	3.5	1836	17574.18	9.57199346405
一餐	20141023	3	25.0	0.0	4.1	10262	52665.73	5.13211167414
哈乐	20141211	3	8.4	2.9	5.6	1788	13733.55	7.68095637584
三餐	20141108	5	14.9	5.3	5.6	5686	42835.85	7.53356489624
一餐	20150110	5	15.1	0.0	3.1	4785	25948.77	5.42294043887
三餐	20141231	2	10.5	0.0	7.2	6371	41406.31	6.49918537121
四餐	20150127	1	7.7	2.2	7.4	4491	34767.01	7.74148519261
二餐	20141214	6	11.5	0.0	4.0	11440	79565.74	6.9550472028
六餐	20140909	1	NA	NA	NA	731	5368.26	7.34372093023
五餐	20140905	4	46.3	0.0	5.1	313	3193.4	10.2025559105
四餐	20141102	6	20.1	3.7	7.4	5693	45235.62	7.94583172317
六餐	20141224	2	13.7	0.0	5.1	1046	8174.66	7.8151625239
二餐	20140905	4	46.3	0.0	5.1	13968	87730.77	6.28083977663
四餐	20141129	5	18.2	3.0	5.3	4835	37908.79	7.84049431231
四餐	20141021	1	26.5	0.6	5.1	6969	50684.35	7.27282967427
三餐	20141113	3	16.4	0.0	3.9	8197	60256.06	7.35098938636
五餐	20141112	2	17.8	0.0	5.5	2011	19509.96	9.70162108404
哈乐	20141227	5	12.3	0.0	3.3	1045	8450.0	8.08612440191
二餐	20141229	0	13.8	0.0	4.1	17495	117500.57	6.71623721063
三餐	20141115	5	19.1	1.2	4.5	5740	42795.77	7.45570905923
六餐	20141024	4	24.7	0.0	4.6	824	5975.27	7.25154126214
三餐	20141210	2	13.2	9.9	5.5	7408	55604.86	7.50605561555
三餐	20141129	5	18.2	3.0	5.3	5733	43827.65	7.64480202337
二餐	20150104	6	19.2	0.0	2.1	16378	111440.05	6.804252656
六餐	20141225	3	10.2	0.0	4.6	1003	7945.32	7.921555334
一餐	20141025	5	25.5	3.6	4.1	5521	28017.78	5.07476544104
三餐	20141027	0	20.3	0.0	5.8	8168	60132.58	7.36197110676
一餐	20140912	4	NA	NA	NA	4880	24052.43	4.92877663934
六餐	20141005	6	26.9	4.6	5.6	5	143.0	28.6
哈乐	20150115	3	8.8	1.3	3.6	884	6456.1	7.30328054299
哈乐	20150103	5	12.2	0.0	5.1	1078	6693.4	6.20909090909
二餐	20141121	4	22.7	0.0	3.6	12510	78209.29	6.25174180655
三餐	20140924	2	NA	NA	NA	8744	61993.08	7.08978499543
四餐	20150123	4	10.1	0.0	4.7	5253	39647.5	7.54759185227
四餐	20141024	4	24.7	0.0	4.6	6381	47322.94	7.41622629682
三餐	20140929	0	31.0	0.0	3.3	8088	57726.35	7.13728363007
哈乐	20141204	3	8.3	0.3	6.6	1916	14935.5	7.79514613779
哈乐	20141002	3	29.0	0.0	2.4	549	3707.6	6.75336976321
哈乐	20141017	4	25.4	0.0	3.8	1772	13074.2	7.37821670429
三餐	20141120	3	20.3	0.0	4.8	7504	52692.41	7.02190964819
六餐	20141116	6	15.9	8.8	3.5	292	2186.28	7.48726027397
一餐	20141118	1	17.1	0.0	3.9	10239	54008.34	5.2747670671
五餐	20141201	0	11.6	0.0	7.6	2204	21547.4	9.77649727768
三餐	20141222	0	9.2	0.0	4.7	7190	52829.57	7.34764534075
三餐	20141217	2	7.0	0.0	6.5	8080	61412.7	7.60058168317
四餐	20140928	6	NA	NA	NA	6622	48408.03	7.31018272425
一餐	20141127	3	20.2	0.0	7.0	9265	47973.08	5.17788235294
三餐	20141021	1	26.5	0.6	5.1	8000	57227.41	7.15342625
五餐	20141118	1	17.1	0.0	3.9	1883	17754.46	9.4288157196
五餐	20150107	2	7.7	0.0	6.1	1596	14838.74	9.29745614035
四餐	20141111	1	20.5	0.0	2.6	6481	49560.38	7.64702669341
一餐	20141020	0	30.3	0.0	3.5	10985	57799.04	5.26163313609
六餐	20140923	1	NA	NA	NA	1290	9854.34	7.63902325581
二餐	20140912	4	NA	NA	NA	11720	77413.37	6.60523634812
五餐	20140911	3	NA	NA	NA	529	4994.86	9.44207939509
一餐	20141218	3	10.3	0.0	3.5	9348	50081.4	5.35744544288
三餐	20141219	4	11.8	0.0	3.8	7203	54670.34	7.58994030265
五餐	20140921	6	NA	NA	NA	954	9490.94	9.94857442348
六餐	20141228	6	10.8	0.0	3.9	380	3135.96	8.25252631579
一餐	20141130	6	18.2	52.8	6.3	4458	24616.07	5.52177433827
哈乐	20141110	0	18.7	0.0	4.6	2031	15540.3	7.65155096012
一餐	20140911	3	NA	NA	NA	4174	20471.34	4.90448969813
四餐	20141003	4	26.9	0.0	7.4	3769	27143.74	7.20184133722
三餐	20150128	2	5.5	1.6	5.7	3720	26121.08	7.02179569892
三餐	20141030	3	22.0	18.8	2.1	8105	58790.59	7.25361998766
三餐	20141206	5	11.0	0.0	2.6	5453	42690.45	7.82880066019
三餐	20141026	6	29.2	0.0	3.1	6406	49612.65	7.74471589135
六餐	20140929	0	31.0	0.0	3.3	847	6026.95	7.11564344746
六餐	20141113	3	16.4	0.0	3.9	828	5803.08	7.00855072464
四餐	20150114	2	8.7	90.2	7.2	5209	38459.63	7.3833038971
四餐	20141113	3	16.4	0.0	3.9	6096	46232.85	7.58412893701
四餐	20141206	5	11.0	0.0	2.6	5018	39900.39	7.95145277003
二餐	20140921	6	NA	NA	NA	14183	98210.32	6.9245096242
四餐	20140908	0	NA	NA	NA	2996	21327.3	7.11859145527
一餐	20141018	5	25.0	0.0	5.4	5869	30369.86	5.17462259329
哈乐	20141018	5	25.0	0.0	5.4	1034	7565.4	7.3166344294
四餐	20150126	0	11.0	0.0	4.4	4383	34081.04	7.77573351586
六餐	20141027	0	20.3	0.0	5.8	998	6879.44	6.89322645291
五餐	20140904	3	29.2	0.0	4.2	505	5124.52	10.1475643564
一餐	20141022	2	24.2	0.0	5.7	9628	48147.56	5.0007852098
六餐	20141206	5	11.0	0.0	2.6	385	2921.88	7.5892987013
哈乐	20141201	0	11.6	0.0	7.6	1981	15594.0	7.87178192832
哈乐	20141205	4	9.6	0.0	6.1	1651	12026.2	7.28419139915
五餐	20141019	6	27.0	0.0	7.2	880	9272.04	10.5364090909
一餐	20140913	5	NA	NA	NA	6595	40200.57	6.09561334344
二餐	20141204	3	8.3	0.3	6.6	17788	118128.63	6.64091691028
六餐	20141015	2	23.3	0.9	3.7	964	6571.19	6.81658713693
二餐	20141031	4	24.2	119.6	2.7	16126	101075.24	6.26784323453
二餐	20141029	2	19.8	10.5	3.7	19183	126683.04	6.6039222228
五餐	20150104	6	19.2	0.0	2.1	1685	15876.28	9.42212462908
二餐	20141016	3	25.1	0.0	3.5	21674	144110.59	6.64900756667
二餐	20140910	2	NA	NA	NA	13063	82244.31	6.29597412539
三餐	20141005	6	26.9	4.6	5.6	3791	27547.58	7.26657346347
三餐	20140918	3	NA	NA	NA	8963	65525.87	7.31070735245
三餐	20150114	2	8.7	90.2	7.2	5218	37454.74	7.17798773476
二餐	20150111	6	15.8	0.0	4.7	12148	84587.39	6.96307128745
三餐	20141216	1	7.4	0.0	9.8	7969	59941.1	7.52178441461
四餐	20141115	5	19.1	1.2	4.5	4928	37982.76	7.70754058442
三餐	20140926	4	NA	NA	NA	7901	55142.27	6.97915074041
哈乐	20141229	0	13.8	0.0	4.1	1913	14328.4	7.49001568217
四餐	20150117	5	7.7	0.0	5.5	4811	37745.52	7.84567033881
二餐	20141119	2	17.8	0.0	4.3	18290	117181.49	6.4068611263
哈乐	20150111	6	15.8	0.0	4.7	1090	7670.1	7.03678899083
三餐	20140922	0	NA	NA	NA	8411	58744.6	6.98425870883
二餐	20141113	3	16.4	0.0	3.9	18080	118406.6	6.54903761062
三餐	20141107	4	19.7	11.3	6.7	7625	54457.17	7.14192393443
哈乐	20141217	2	7.0	0.0	6.5	1865	14179.8	7.60310991957
一餐	20141116	6	15.9	8.8	3.5	4582	25239.71	5.50844827586
四餐	20141105	2	23.0	0.2	4.3	6745	50441.13	7.4782994811
五餐	20140916	1	NA	NA	NA	1851	16573.01	8.95354403025
五餐	20141024	4	24.7	0.0	4.6	1784	16953.34	9.50299327354
四餐	20141119	2	17.8	0.0	4.3	6020	44132.02	7.33090033223
五餐	20141117	0	15.8	0.0	5.3	1895	17312.98	9.13613720317
一餐	20150114	2	8.7	90.2	7.2	4118	21976.05	5.33658329286
二餐	20141106	3	21.9	0.0	5.6	19565	131527.46	6.72258931766
三餐	20141103	0	18.3	0.0	4.4	8196	60438.63	7.37416178624
五餐	20141231	2	10.5	0.0	7.2	1233	12139.84	9.84577453366
二餐	20150119	0	12.6	0.0	3.0	7638	49364.79	6.46305184603
四餐	20141001	2	26.5	0.0	2.0	4295	28383.74	6.60855413271
五餐	20141230	1	17.0	0.0	2.9	1767	16781.92	9.49740803622
三餐	20140920	5	NA	NA	NA	6727	46668.5	6.93749070908
一餐	20140927	5	NA	NA	NA	6488	32417.84	4.99658446363
四餐	20140901	0	31.0	22.4	6.2	4371	29155.76	6.67027224891
二餐	20150129	3	4.6	17.2	3.5	1801	11134.61	6.18245974459
三餐	20141215	0	10.7	0.0	3.5	8025	61147.42	7.61961619938
三餐	20141207	6	14.2	0.0	5.1	5606	44882.14	8.00608990367
六餐	20141221	6	6.2	0.0	5.5	477	3891.76	8.15882599581
六餐	20141204	3	8.3	0.3	6.6	1074	8490.02	7.90504655493
二餐	20150121	2	15.3	4.4	5.7	6691	42558.38	6.36054102526
二餐	20141209	1	12.0	0.0	7.5	16971	113118.29	6.66538742561
五餐	20141225	3	10.2	0.0	4.6	1818	17009.59	9.35621012101
五餐	20141226	4	11.3	0.0	5.5	1723	16442.94	9.54320371445
二餐	20150117	5	7.7	0.0	5.5	6598	43778.79	6.63516065474
六餐	20141128	4	17.8	16.1	6.8	898	6466.96	7.20151447661
一餐	20150117	5	7.7	0.0	5.5	2856	14750.53	5.16475140056
四餐	20150115	3	8.8	1.3	3.6	5361	39945.62	7.45115090468
二餐	20141021	1	26.5	0.6	5.1	20841	134725.57	6.46444844297
四餐	20140920	5	NA	NA	NA	6125	44976.46	7.3430955102
二餐	20141014	1	21.7	0.0	5.8	22020	144610.09	6.56721571299
二餐	20140929	0	31.0	0.0	3.3	20533	129939.06	6.32830370623
二餐	20141111	1	20.5	0.0	2.6	18681	125584.47	6.72257748515
一餐	20150123	4	10.1	0.0	4.7	3662	17306.22	4.72589295467
一餐	20141219	4	11.8	0.0	3.8	8391	42756.69	5.09554165177
六餐	20141020	0	30.3	0.0	3.5	1054	7250.84	6.87935483871
六餐	20141119	2	17.8	0.0	4.3	896	6214.56	6.93589285714
三餐	20150125	6	14.9	1.8	5.0	2516	17684.71	7.0288990461
三餐	20141227	5	12.3	0.0	3.3	6260	48855.36	7.80437060703
六餐	20141022	2	24.2	0.0	5.7	998	6937.82	6.95172344689
二餐	20141230	1	17.0	0.0	2.9	16971	113869.86	6.70967297154
二餐	20141115	5	19.1	1.2	4.5	10817	72400.31	6.69319681982
一餐	20150129	3	4.6	17.2	3.5	1624	8545.28	5.26187192118
五餐	20150123	4	10.1	0.0	4.7	1962	18185.12	9.26866462793
一餐	20150102	4	9.3	0.0	3.2	4132	20275.34	4.9069070668
一餐	20140917	2	NA	NA	NA	11528	55392.14	4.80500867453
六餐	20141203	2	10.0	4.9	6.5	1052	8116.14	7.71496197719
三餐	20150116	4	9.1	0.0	6.1	4527	30842.47	6.81300419704
二餐	20141005	6	26.9	4.6	5.6	8847	55694.69	6.29531931728
五餐	20141222	0	9.2	0.0	4.7	1926	18029.28	9.36099688474
哈乐	20150109	4	11.9	26.6	3.2	1250	8471.0	6.7768
五餐	20141003	4	26.9	0.0	7.4	313	3314.06	10.5880511182
一餐	20141206	5	11.0	0.0	2.6	4465	23650.87	5.29694736842
四餐	20141016	3	25.1	0.0	3.5	6601	48719.37	7.38060445387
四餐	20141022	2	24.2	0.0	5.7	6780	49745.9	7.33715339233
六餐	20141127	3	20.2	0.0	7.0	792	5735.7	7.24204545455
四餐	20141204	3	8.3	0.3	6.6	5839	44471.59	7.61630244905
三餐	20141127	3	20.2	0.0	7.0	8121	58889.65	7.25152690555
四餐	20141025	5	25.5	3.6	4.1	5684	42981.47	7.56183497537
五餐	20141126	2	18.7	0.2	2.4	1790	16945.94	9.46700558659
六餐	20141227	5	12.3	0.0	3.3	442	3647.82	8.25298642534
五餐	20140927	5	NA	NA	NA	867	9363.69	10.8001038062
哈乐	20150123	4	10.1	0.0	4.7	277	2178.1	7.86317689531
四餐	20140903	2	26.6	69.0	5.4	4137	28207.02	6.81823060189
四餐	20141215	0	10.7	0.0	3.5	5973	44966.99	7.52837602545
二餐	20150108	3	9.6	0.0	5.0	16832	109062.35	6.47946471008
五餐	20141106	3	21.9	0.0	5.6	2044	19615.21	9.59648238748
二餐	20140924	2	NA	NA	NA	21872	142892.02	6.53310259693
六餐	20141112	2	17.8	0.0	5.5	1134	8153.32	7.18987654321
哈乐	20140930	1	23.6	1.9	7.9	1672	10963.8	6.55729665072
五餐	20140924	2	NA	NA	NA	2048	19233.47	9.39134277344
一餐	20141015	2	23.3	0.9	3.7	10452	52926.48	5.06376578645
哈乐	20141111	1	20.5	0.0	2.6	2093	15823.8	7.56034400382
五餐	20141220	5	9.8	0.0	4.4	844	8921.4	10.5703791469
四餐	20141118	1	17.1	0.0	3.9	6515	49026.28	7.52513891021
三餐	20141208	0	10.8	0.0	4.5	7806	58191.16	7.45467076608
一餐	20140922	0	NA	NA	NA	11006	57033.71	5.18205615119
三餐	20150124	5	15.8	0.0	4.4	2722	18547.62	6.81396767083
五餐	20140926	4	NA	NA	NA	1697	16458.76	9.69873895109
三餐	20141229	0	13.8	0.0	4.1	7541	55565.37	7.36843522079
六餐	20141017	4	25.4	0.0	3.8	824	5566.44	6.75538834951
二餐	20141202	1	8.7	0.0	3.7	18902	126169.27	6.67491641096
四餐	20141011	5	27.0	1.0	6.5	7033	51758.31	7.35935020617
哈乐	20141223	1	12.7	0.0	5.4	2153	16495.8	7.66177426846
二餐	20140917	2	NA	NA	NA	22408	147667.15	6.58992993574
一餐	20141108	5	14.9	5.3	5.6	4681	24607.67	5.25692587054
六餐	20141118	1	17.1	0.0	3.9	816	5776.61	7.07917892157
三餐	20141221	6	6.2	0.0	5.5	6195	49696.86	8.02209200969
哈乐	20140917	2	NA	NA	NA	1713	12335.03	7.20083479276
哈乐	20140925	3	NA	NA	NA	1819	13491.2	7.41682242991
一餐	20140926	4	NA	NA	NA	9565	45864.21	4.79500365917
二餐	20140922	0	NA	NA	NA	21017	141995.49	6.7562206785
六餐	20141103	0	18.3	0.0	4.4	1004	7202.38	7.17368525896
哈乐	20140918	3	NA	NA	NA	1721	12632.2	7.34003486345
二餐	20141219	4	11.8	0.0	3.8	15502	103379.64	6.66879370404
五餐	20150105	0	20.2	0.0	4.3	1759	16567.69	9.4188118249
二餐	20141003	4	26.9	0.0	7.4	7527	49038.47	6.51500863558
哈乐	20141216	1	7.4	0.0	9.8	2123	16631.3	7.8338671691
三餐	20141012	6	25.4	0.0	7.9	7007	52217.97	7.45225774226
三餐	20141011	5	27.0	1.0	6.5	7952	56346.44	7.08581991952
三餐	20141022	2	24.2	0.0	5.7	8442	60280.38	7.14053304904
三餐	20140910	2	NA	NA	NA	909	8905.95	9.79752475248
五餐	20141028	1	22.9	0.0	5.4	1906	18609.1	9.76343126967
五餐	20141213	5	9.2	4.9	4.3	759	7603.78	10.0181554677
六餐	20141201	0	11.6	0.0	7.6	1045	7569.02	7.24308133971
哈乐	20141108	5	14.9	5.3	5.6	873	6452.1	7.39072164948
一餐	20141220	5	9.8	0.0	4.4	5389	29985.77	5.56425496382
二餐	20141210	2	13.2	9.9	5.5	16178	108910.58	6.7320175547
二餐	20141120	3	20.3	0.0	4.8	16786	107123.34	6.38170737519
四餐	20141031	4	24.2	119.6	2.7	5844	43974.27	7.52468685832
二餐	20141231	2	10.5	0.0	7.2	15149	90218.96	5.95543996303
六餐	20150107	2	7.7	0.0	6.1	1021	7809.52	7.64889324192
哈乐	20141115	5	19.1	1.2	4.5	873	6526.2	7.47560137457
二餐	20140919	4	NA	NA	NA	17804	119973.94	6.73859469782
六餐	20141205	4	9.6	0.0	6.1	868	7050.73	8.12296082949
一餐	20140915	0	NA	NA	NA	11020	55609.53	5.04623684211
二餐	20140930	1	23.6	1.9	7.9	17741	111157.39	6.26556507525
一餐	20140918	3	NA	NA	NA	10795	56730.7	5.25527559055
五餐	20141206	5	11.0	0.0	2.6	677	6694.12	9.88791728213
三餐	20150104	6	19.2	0.0	2.1	5970	50448.2	8.45028475712
哈乐	20141007	1	25.8	0.0	4.8	936	6338.3	6.77168803419
一餐	20141202	1	8.7	0.0	3.7	10532	56701.21	5.38370774782
四餐	20141203	2	10.0	4.9	6.5	5963	45100.87	7.56345295992
二餐	20141122	5	23.4	0.0	2.2	9321	61026.04	6.54715588456
一餐	20141005	6	26.9	4.6	5.6	3394	16272.57	4.79451090159
五餐	20150127	1	7.7	2.2	7.4	2068	20060.48	9.70042553191
五餐	20141228	6	10.8	0.0	3.9	977	10210.83	10.4512077789
三餐	20150111	6	15.8	0.0	4.7	5641	44010.27	7.80185605389
哈乐	20150122	3	8.5	0.0	5.6	261	1932.3	7.40344827586
二餐	20141030	3	22.0	18.8	2.1	18450	122592.0	6.64455284553
哈乐	20141222	0	9.2	0.0	4.7	1918	14872.4	7.75411887383
六餐	20141029	2	19.8	10.5	3.7	1155	8261.02	7.1523982684
一餐	20141216	1	7.4	0.0	9.8	10379	56165.48	5.41145389729
五餐	20141026	6	29.2	0.0	3.1	926	9516.25	10.2767278618
五餐	20140919	4	NA	NA	NA	1886	19056.47	10.1041728526
哈乐	20140922	0	NA	NA	NA	1842	13630.05	7.39959283388
哈乐	20140924	2	NA	NA	NA	1710	12404.3	7.25397660819
一餐	20141225	3	10.2	0.0	4.6	9221	49562.61	5.37497126125
一餐	20141228	6	10.8	0.0	3.9	5502	30828.03	5.60305888768
三餐	20141001	2	26.5	0.0	2.0	3356	21443.84	6.38970202622
一餐	20140929	0	31.0	0.0	3.3	10913	53110.99	4.86676349308
一餐	20141226	4	11.3	0.0	5.5	8524	44377.52	5.20618488972
四餐	20140913	5	NA	NA	NA	7212	56889.98	7.88823904603
三餐	20141123	6	23.2	0.0	5.4	5719	42910.35	7.50312117503
四餐	20141018	5	25.0	0.0	5.4	5864	44943.1	7.66423942701
六餐	20141012	6	25.4	0.0	7.9	384	2889.94	7.52588541667
五餐	20150114	2	8.7	90.2	7.2	1805	17148.73	9.50068144044
五餐	20150117	5	7.7	0.0	5.5	768	7048.38	9.177578125
四餐	20141208	0	10.8	0.0	4.5	5483	40829.98	7.44664964436
五餐	20150102	4	9.3	0.0	3.2	596	5956.99	9.99494966443
二餐	20141102	6	20.1	3.7	7.4	11483	78003.35	6.79294173996
四餐	20141029	2	19.8	10.5	3.7	5976	44470.07	7.44144410977
哈乐	20140919	4	NA	NA	NA	1567	11164.0	7.12444160817
哈乐	20141027	0	20.3	0.0	5.8	1999	15081.5	7.54452226113
六餐	20141212	4	9.2	0.0	5.8	790	6126.0	7.75443037975
二餐	20141024	4	24.7	0.0	4.6	18510	117708.2	6.35916801729
六餐	20140921	6	NA	NA	NA	378	2929.7	7.75052910053
五餐	20141030	3	22.0	18.8	2.1	1907	18117.46	9.5005034085
三餐	20141015	2	23.3	0.9	3.7	8631	61467.91	7.12175993512
五餐	20141002	3	29.0	0.0	2.4	317	2916.54	9.20044164038
一餐	20150107	2	7.7	0.0	6.1	6534	34830.69	5.33068411387
哈乐	20141212	4	9.2	0.0	5.8	1348	9929.3	7.3659495549
一餐	20150124	5	15.8	0.0	4.4	2832	14897.74	5.26050141243
六餐	20140927	5	NA	NA	NA	514	3789.54	7.3726459144
六餐	20141030	3	22.0	18.8	2.1	1028	7315.6	7.11634241245
哈乐	20150106	1	13.3	1.5	6.5	1586	11728.8	7.39520807062
五餐	20150110	5	15.1	0.0	3.1	708	7149.46	10.0981073446
五餐	20141031	4	24.2	119.6	2.7	1760	16859.96	9.57952272727
哈乐	20141123	6	23.2	0.0	5.4	842	6507.1	7.72814726841
一餐	20141121	4	22.7	0.0	3.6	8218	44500.68	5.41502555366
二餐	20140920	5	NA	NA	NA	12916	84185.34	6.51791111799
五餐	20141203	2	10.0	4.9	6.5	2210	21973.01	9.94253846154
五餐	20141101	5	20.5	4.5	4.1	831	8396.42	10.1039951865
五餐	20141105	2	23.0	0.2	4.3	2147	20846.24	9.70947368421
四餐	20141219	4	11.8	0.0	3.8	5653	43089.03	7.62232973642
三餐	20141117	0	15.8	0.0	5.3	8044	58930.95	7.32607533565
五餐	20150125	6	14.9	1.8	5.0	968	8896.45	9.19054752066
六餐	20140917	2	NA	NA	NA	1136	8193.08	7.21221830986
二餐	20150106	1	13.3	1.5	6.5	16455	111124.92	6.75326162261
三餐	20141228	6	10.8	0.0	3.9	6412	50009.24	7.79932002495
五餐	20141227	5	12.3	0.0	3.3	956	9970.91	10.4298221757
二餐	20141221	6	6.2	0.0	5.5	12619	88258.84	6.99412314763
六餐	20141226	4	11.3	0.0	5.5	924	6941.32	7.51225108225
五餐	20141020	0	30.3	0.0	3.5	1920	17807.57	9.27477604167
三餐	20140930	1	23.6	1.9	7.9	6724	44678.39	6.64461481261
二餐	20141105	2	23.0	0.2	4.3	20465	132376.81	6.46844905937
四餐	20140917	2	NA	NA	NA	7546	54123.84	7.17252054068
四餐	20141216	1	7.4	0.0	9.8	6114	46729.08	7.64296368989
六餐	20141220	5	9.8	0.0	4.4	405	3074.98	7.59254320988
三餐	20150121	2	15.3	4.4	5.7	2864	17616.06	6.15085893855
哈乐	20141130	6	18.2	52.8	6.3	1059	7701.3	7.27223796034
一餐	20150116	4	9.1	0.0	6.1	3719	19053.01	5.12315407368
四餐	20141006	0	25.1	0.0	6.1	4325	32044.83	7.40920924855
五餐	20150124	5	15.8	0.0	4.4	948	8517.88	8.98510548523
三餐	20141116	6	15.9	8.8	3.5	5911	46200.56	7.8160311284
二餐	20140902	1	33.0	3.7	4.7	14841	93573.14	6.30504278687
五餐	20141130	6	18.2	52.8	6.3	876	9184.19	10.4842351598
五餐	20141211	3	8.4	2.9	5.6	1975	19346.59	9.79574177215
一餐	20141221	6	6.2	0.0	5.5	4621	25254.94	5.46525427397
六餐	20150123	4	10.1	0.0	4.7	955	7292.12	7.63572774869
二餐	20141201	0	11.6	0.0	7.6	17977	122710.74	6.82598542582
二餐	20141215	0	10.7	0.0	3.5	17980	120804.37	6.7188192436
一餐	20141128	4	17.8	16.1	6.8	8359	41778.76	4.99805718387
四餐	20140916	1	NA	NA	NA	7534	55242.53	7.3324303159
六餐	20141125	1	14.4	28.1	3.6	1092	8158.54	7.47119047619
四餐	20141108	5	14.9	5.3	5.6	5078	40110.3	7.89883812525
五餐	20140901	0	31.0	22.4	6.2	476	4678.72	9.82924369748
一餐	20141207	6	14.2	0.0	5.1	4199	22386.14	5.33130269112
哈乐	20141001	2	26.5	0.0	2.0	631	4415.7	6.99793977813
四餐	20141008	2	26.0	0.0	4.7	6251	46875.68	7.49890897456
一餐	20141110	0	18.7	0.0	4.6	10248	54968.04	5.36378220141
哈乐	20150110	5	15.1	0.0	3.1	1047	7843.3	7.49121298949
哈乐	20141218	3	10.3	0.0	3.5	2005	15168.2	7.56518703242
三餐	20141009	3	25.4	0.0	3.9	8715	61732.56	7.08348364888
四餐	20141014	1	21.7	0.0	5.8	7210	53891.91	7.47460610264
六餐	20141028	1	22.9	0.0	5.4	952	6722.02	7.06094537815
六餐	20141013	0	21.2	0.0	7.5	1019	7248.34	7.11318940137
一餐	20140902	1	33.0	3.7	4.7	8655	41922.17	4.8436938186
五餐	20141218	3	10.3	0.0	3.5	2030	19566.24	9.63854187192
二餐	20150131	5	7.2	0.0	5.1	1991	11786.87	5.92007533903
四餐	20141224	2	13.7	0.0	5.1	5387	40782.27	7.57049749397
六餐	20141115	5	19.1	1.2	4.5	295	2356.6	7.98847457627
哈乐	20141020	0	30.3	0.0	3.5	2087	15897.5	7.61739338764
一餐	20140914	6	NA	NA	NA	8992	46102.7	5.12707962633
一餐	20141019	6	27.0	0.0	7.2	5958	30806.26	5.1705706613
五餐	20141208	0	10.8	0.0	4.5	2081	19301.42	9.27506967804
四餐	20141225	3	10.2	0.0	4.6	5352	42061.5	7.85902466368
五餐	20141110	0	18.7	0.0	4.6	2057	19524.58	9.49177442878
六餐	20141026	6	29.2	0.0	3.1	342	2507.68	7.33239766082
六餐	20141102	6	20.1	3.7	7.4	316	2412.2	7.6335443038
四餐	20140930	1	23.6	1.9	7.9	6062	41672.76	6.87442428242
一餐	20141208	0	10.8	0.0	4.5	9191	49040.56	5.33571537374
一餐	20141214	6	11.5	0.0	4.0	4494	24105.6	5.36395193591
五餐	20140914	6	NA	NA	NA	722	6896.4	9.55180055402
三餐	20141202	1	8.7	0.0	3.7	7968	59258.18	7.43702058233
五餐	20141221	6	6.2	0.0	5.5	974	9670.58	9.92872689938
哈乐	20141114	4	18.0	0.0	3.0	1626	11898.3	7.31752767528
五餐	20150106	1	13.3	1.5	6.5	1783	17384.76	9.75028603477
四餐	20140927	5	NA	NA	NA	6334	45437.95	7.173658036
六餐	20141010	4	26.6	0.0	5.9	898	6365.64	7.08868596882
三餐	20141220	5	9.8	0.0	4.4	6089	47643.44	7.82450977172
哈乐	20140920	5	NA	NA	NA	915	6575.0	7.18579234973
三餐	20150101	3	6.3	0.0	8.0	4249	29484.24	6.93910096493
三餐	20141013	0	21.2	0.0	7.5	8625	60923.19	7.06355826087
三餐	20141226	4	11.3	0.0	5.5	6888	50857.99	7.38356416957
三餐	20141010	4	26.6	0.0	5.9	8582	60863.19	7.09195875087
六餐	20141111	1	20.5	0.0	2.6	869	6211.68	7.14807825086
一餐	20140904	3	29.2	0.0	4.2	8375	41156.46	4.9142041791
二餐	20141203	2	10.0	4.9	6.5	18991	128307.89	6.75624716971
六餐	20140928	6	NA	NA	NA	854	6226.76	7.29128805621
四餐	20141109	6	18.0	0.0	3.9	5308	42293.0	7.96778447626
五餐	20150120	1	11.8	0.9	4.7	1758	15808.24	8.99217292378
二餐	20140901	0	31.0	22.4	6.2	14701	93855.36	6.38428406231
三餐	20140919	4	NA	NA	NA	8235	57917.6	7.03310261081
二餐	20141114	4	18.0	0.0	3.0	16187	104742.6	6.470785198
哈乐	20141208	0	10.8	0.0	4.5	1829	14074.0	7.69491525424
一餐	20140906	5	NA	NA	NA	7530	34513.56	4.58347410359
四餐	20141226	4	11.3	0.0	5.5	5671	43240.18	7.62478927879
六餐	20141006	0	25.1	0.0	6.1	11	329.0	29.9090909091
五餐	20141205	4	9.6	0.0	6.1	1841	17876.5	9.71021184139
二餐	20150107	2	7.7	0.0	6.1	16881	112959.59	6.69152242166
哈乐	20141025	5	25.5	3.6	4.1	1089	7821.3	7.18209366391
五餐	20141004	5	25.7	0.0	5.0	316	2902.0	9.1835443038
哈乐	20141101	5	20.5	4.5	4.1	1031	7637.6	7.40795344326
四餐	20141220	5	9.8	0.0	4.4	5081	40672.34	8.00479039559
一餐	20141212	4	9.2	0.0	5.8	8071	40199.45	4.98072729525
六餐	20150122	3	8.5	0.0	5.6	1534	11813.35	7.70101043025
三餐	20140923	1	NA	NA	NA	8355	60479.65	7.23873728306
三餐	20150112	0	9.3	0.0	5.7	7195	52494.34	7.29594718555
一餐	20141123	6	23.2	0.0	5.4	4143	21490.18	5.18710596186
二餐	20141025	5	25.5	3.6	4.1	12750	79633.84	6.24579137255
五餐	20141103	0	18.3	0.0	4.4	2107	21076.03	10.0028618889
五餐	20141114	4	18.0	0.0	3.0	1515	15315.14	10.1090033003
哈乐	20141119	2	17.8	0.0	4.3	1701	12513.25	7.3564079953
哈乐	20141127	3	20.2	0.0	7.0	1849	14351.8	7.76192536506
一餐	20140903	2	26.6	69.0	5.4	7305	34633.16	4.74102121834
四餐	20150130	4	5.5	0.1	4.7	4003	30955.34	7.73303522358
哈乐	20150107	2	7.7	0.0	6.1	1443	9908.9	6.86687456687
六餐	20141213	5	9.2	4.9	4.3	403	3275.24	8.12714640199
六餐	20141129	5	18.2	3.0	5.3	437	3123.7	7.14805491991
一餐	20141017	4	25.4	0.0	3.8	9527	47129.95	4.94698750918
四餐	20141009	3	25.4	0.0	3.9	6959	49166.2	7.06512429947
哈乐	20141121	4	22.7	0.0	3.6	1056	7432.5	7.03835227273
二餐	20140903	2	26.6	69.0	5.4	12236	77084.32	6.29979731939
五餐	20141214	6	11.5	0.0	4.0	984	10706.49	10.8805792683
一餐	20141012	6	25.4	0.0	7.9	6275	32641.64	5.20185498008
六餐	20141014	1	21.7	0.0	5.8	924	6241.68	6.75506493506
四餐	20141213	5	9.2	4.9	4.3	4571	34855.25	7.62530080945
四餐	20150108	3	9.6	0.0	5.0	5332	39911.43	7.48526444111
六餐	20141217	2	7.0	0.0	6.5	1172	9321.08	7.95313993174
六餐	20141216	1	7.4	0.0	9.8	1204	9562.31	7.9421179402
五餐	20141011	5	27.0	1.0	6.5	1677	15920.91	9.49368515206
四餐	20141116	6	15.9	8.8	3.5	4905	38432.17	7.83530479103
五餐	20141025	5	25.5	3.6	4.1	929	9598.54	10.3321205597
六餐	20141222	0	9.2	0.0	4.7	1048	7991.8	7.62576335878
六餐	20140919	4	NA	NA	NA	1250	9293.47	7.434776
一餐	20150131	5	7.2	0.0	5.1	789	4133.16	5.23847908745
六餐	20150105	0	20.2	0.0	4.3	980	7275.5	7.42397959184
哈乐	20141203	2	10.0	4.9	6.5	1852	14045.9	7.58417926566
二餐	20141001	2	26.5	0.0	2.0	8602	53997.66	6.27733782841
六餐	20141230	1	17.0	0.0	2.9	947	7237.28	7.64232312566
六餐	20141219	4	11.8	0.0	3.8	958	7684.04	8.02091858038
一餐	20140910	2	NA	NA	NA	5903	25139.45	4.25875825851
三餐	20140928	6	NA	NA	NA	7977	56780.97	7.11808574652
哈乐	20141029	2	19.8	10.5	3.7	1860	13920.9	7.48435483871
六餐	20150114	2	8.7	90.2	7.2	1399	11136.52	7.96034310222
三餐	20141223	1	12.7	0.0	5.4	7730	57213.2	7.40144890039
二餐	20141017	4	25.4	0.0	3.8	19377	124572.75	6.42889766218
五餐	20140920	5	NA	NA	NA	828	8885.44	10.7312077295
四餐	20141122	5	23.4	0.0	2.2	4420	33611.46	7.60440271493
一餐	20150111	6	15.8	0.0	4.7	4965	26853.14	5.40848741188
四餐	20140909	1	NA	NA	NA	4599	32069.46	6.97313763862
二餐	20141123	6	23.2	0.0	5.4	10109	65808.41	6.50988327233
六餐	20140925	3	NA	NA	NA	870	6520.2	7.49448275862
六餐	20140908	0	NA	NA	NA	159	1124.64	7.07320754717
三餐	20150129	3	4.6	17.2	3.5	2671	18044.58	6.75573942344
一餐	20150125	6	14.9	1.8	5.0	2942	16434.02	5.58600271924
二餐	20141112	2	17.8	0.0	5.5	19035	121718.82	6.39447438928
三餐	20141225	3	10.2	0.0	4.6	7281	53489.83	7.34649498695
三餐	20150119	0	12.6	0.0	3.0	3335	21529.38	6.4555862069
